1554523086.76
1554515942.27
1548702013.48
1553907914.42
1554433879.03
1554696510.92
1548737643.98
1554174709.29
1554768204.26
1554577546.53
1554769425.17
1548205962.37
1554265601.99
1548701888.62
1548203841.34
1554767535.62
1553902926.85
1553900899.72
1552582308.87
1554514394.76
1554766444.15
1548709820.57
1548724976.96
1549082717.11
1552600987.07
1554769632.56
1554515918.39
1554692533.8
1554263145.35
1548709228.31
1554761076.8
1548726171.48
1554481461.43
1554761465.99
1554423758.37
1554136671.29
1548528304.18
1548721867.76
1554747201.34
1548721967.94
1548702649.63
1549081347.41
1553905068.36
1554166202.99
1552598541.54
1554781034.82
1552607522.34
1554677736.92
1548528010.89
1554525531.56
1548722790.03
1552598782.96
1553979947.97
1554178227.32
1552599589.45
1548716128.01
1554831792.02
1554779847.83
1554140089.32
1548714977.42
1549085756.91
1553986011.35
1548709849.5
1554480989.5
1554136638.93
1554434074.42
1554160187.38
1554266980.91
1554576049.13
1554865988.77
1548204011.02
1548716094.13
1554860673.2
1549085530.32
1554527412.19
1554697513.72
1554266497.9
1554573699.57
1554522890.19
1554258875.45
1554175564.66
1548709438.31
1554524095.83
1554860780.15
1548735382.04
1554695807.89
1554178979.49
1554524933.2
1554136818.27
1548204536.04
1554336982.11
1554525362.49
1554482441.82
1552608333.81
1554698900.3
1548722610.28
1554832603.58
1554160483.5
1554695270.99
1554524510.76
1554483636.5
1554352509.8
1554698385.68
1548710621.08
1554434239.27
1548715831.1
1554140931.34
1554849739.24
1548710358.43
1554522109.04
1548733547.84
1552596757.85
1554333973.27
1554867025.27
1548724709.68
1554145444.36
1554255327.73
1554481654.16
1554165862.61
1548468317.45
1553980960.74
1554763860.05
1554483026.58
1548723725.6
1554065808.29
1554267098.52
1549084737.13
1554570097.08
1554165732.95
1554770515.78
1554483556.01
1554692277.7
1552600853.03
1554423806.7
1554762753.28
1554571398.9
1554696670.61
1554514245.47
1553901924.86
1548721565.26
1553982822.94
1554258554.63
1554255303.23
1553904424.72
1548709875.34
1554525144.49
1548735285.98
1554831579.87
1554334797.09
1548734108.82
1554428010.42
1554509345.38
1554255048.73
1548709575.03
1554141276.08
1554775999.85
1554142038.05
1548527593.24
1548467808.49
1554332712.32
1554483367.52
1554484078.58
1554769029.3
1548205365.19
1552606733.02
1554423536.84
1549081771.39
1554676376.12
1554855150.21
1548715227.93
1548713049.46
1554156474.8
1554767316.36
1548735560.95
1554742023.87
1554574760.09
1554354231.67
1548701809.47
1554697714.78
1554695773.29
1554523241.1
1554574880.77
1554353982.74
1554850240.61
1554434479.72
1554066921.84
1548723917.53
1554743780.75
1548725300.34
1554266442.21
1548725119.59
1554423695.0
1554421394.02
1554168875.65
1553906292.45
1554523342.74
1548716611.15
1554764151.16
1554780304.33
1554577756.68
1554484111.74
1554066409.12
1549085790.6
1554262668.57
1553906833.49
1553982895.3
1548712397.87
1554860648.22
1554333737.81
1553906512.79
1554526384.1
1552596821.93
1554483896.8
1554395964.16
1554434889.4
1548726181.74
1548726014.43
1554065666.9
1554153667.85
1548527220.15
1553985009.71
1554770955.47
1553985433.0
1548716654.9
1554433493.45
1552596858.54
1554064752.87
1548703139.56
1554154769.64
1554696790.17
1554164696.58
1554435670.87
1554485559.05
1548712685.8
1554747016.86
1548737550.95
1554424055.3
1554148942.54
1554522503.44
1552583023.07
1549084065.27
1549929993.16
1554743563.19
1548737466.64
1554165373.97
1554166257.3
1554166984.69
1554165581.28
1554339814.59
1548468053.07
1554340487.13
1548709775.29
1554169377.9
1554142517.16
1554334946.81
1554179849.58
1554144879.95
1554694788.59
1554771024.72
1549082885.62
1549085605.55
1554770353.3
1549085409.76
1554521854.4
1554166720.53
1554699144.88
1554140009.03
1554744640.48
1552583363.23
1548712056.31
1548709300.37
1548712724.95
1554761020.75
1548733499.58
1554523273.6
1554354959.12
1554168221.36
1552597730.01
1554333894.88
1553907026.31
1554692011.73
1554266521.62
1555008508.2
1554526957.65
1553983876.01
1549083573.0
1554677782.48
1554167063.13
1554573935.0
1548203615.09
1554744683.34
1554483245.95
1554573945.93
1549084778.96
1554572570.98
1549080211.96
1548723883.52
1554767867.44
1554141706.86
1548703171.39
1554781056.6
1548454151.58
1548712228.15
1554867349.17
1554262068.08
1552606491.71
1554340733.42
1553981241.26
1552595654.55
1554175601.8
1548709279.4
1554768164.36
1552598282.75
1554835912.92
1548737356.46
1548709206.83
1554526861.91
1548722266.96
1548528341.35
1554693954.61
1548723596.57
1548715150.07
1553982136.89
1554166449.76
1554312388.21
1554831676.22
1554573289.88
1554768036.63
1554423605.2
1554509299.69
1554136069.36
1554660919.27
1554160634.76
1554699481.41
1554575814.95
1554694650.51
1554265484.53
1554422932.12
1554831995.06
1554484976.53
1554155764.12
1554838222.44
1552600692.6
1552598424.73
1554154477.38
1548725880.94
1554066096.52
1549083039.95
1554485682.34
1554742125.63
1554137225.89
1553984220.92
1554693565.4
1548725032.35
1548204079.82
1554265436.85
1554163054.82
1553905855.49
1553901249.46
1552583236.5
1554165248.26
1554155667.25
1553982090.45
1554340552.33
1554064701.17
1548709183.72
1554179623.04
1554331782.43
1554831611.62
1553980831.38
1554776617.33
1552600490.61
1554262508.46
1554678040.6
1548724990.83
1554525947.52
1554485290.31
1554433035.2
1553908758.48
1554515553.16
1548735477.21
1548724889.16
1554155473.48
1554435561.12
1554747121.63
1552605727.77
1554337156.02
1553970354.59
1553902339.46
1554164820.6
1554485256.71
1554339759.91
1554514281.36
1554697850.23
1554694914.29
1554154091.43
1548204735.48
1554481393.73
1554854733.27
1548735681.19
1548206735.78
1548725378.02
1554332439.98
1554696415.54
1549081623.48
1554521917.59
1553904006.93
1553903892.45
1554763746.97
1549080346.73
1554780691.1
1548703375.16
1548709647.67
1554694161.24
1554831460.36
1554696725.89
1554776920.03
1554747306.91
1553983607.16
1554768416.79
1548709976.22
1548468245.69
1554168098.45
1554525653.63
1554779112.27
1549081176.61
1554770131.53
1554336951.02
1554694117.59
1554065001.91
1549082141.83
1554070812.74
1554859810.39
1554340854.41
1554423853.39
1554266415.21
1554484316.56
1553904067.8
1548726045.74
1554258323.47
1554178613.67
1554143085.94
1548527071.22
1554681918.14
1554523343.46
1554781157.45
1554577935.93
1554423636.34
1554526259.54
1554768518.32
1554255365.36
1548724855.03
1554699356.77
1554159899.92
1554832882.35
1554332943.62
1554336163.58
1554352355.74
1554697896.28
1554780268.94
1548725138.53
1548703462.85
1554864276.3
1554435992.87
1554161988.53
1554867831.82
1554162314.36
1554866797.83
1554340818.85
1554167277.4
1554340120.29
1554161631.92
1548724653.49
1554763092.67
1554480668.05
1554154863.24
1554264990.36
1554162258.44
1548711494.09
1553904470.64
1549081955.82
1554332789.24
1554866185.91
1554761390.23
1554743627.24
1553902376.91
1554681372.92
1554526774.46
1554484200.13
1554850506.73
1554484594.75
1554155348.76
1554333865.09
1554746938.14
1554482107.94
1548711056.64
1548709929.31
1554509158.62
1552583142.87
1554433182.7
1554868148.87
1554761988.25
1554523967.48
1554258286.81
1554576093.06
1554165472.86
1554156432.91
1553981626.52
1553904406.83
1548733376.88
1554141115.39
1554770072.02
1548725947.0
1554140311.71
1554142909.78
1554143141.03
1554154952.79
1554267238.34
1554691707.29
1554149832.46
1552598134.79
1554525267.14
1554764337.67
1554265234.31
1548703077.77
1554855483.59
1548703305.32
1548725929.6
1548206580.0
1554339876.56
1548702714.02
1554333803.13
1554163489.73
1554166850.08
1554140198.91
1548711470.18
1554861286.64
1554340419.68
1554154986.43
1554747457.27
1554163211.83
1548724473.42
1554693619.64
1554696967.16
1554163130.44
1554336143.99
1548709747.6
1554070820.09
1554694456.78
1554661709.73
1554162143.69
1549083535.07
1553906224.72
1554867111.86
1554576115.29
1554514083.2
1548712408.85
1554352409.77
1548722048.95
1552596119.58
1552597021.87
1554434031.46
1554762181.74
1554515511.7
1554162977.85
1554867421.75
1552597114.66
1554141034.42
1553983350.07
1554262240.24
1548722484.99
1548722589.37
1554868125.83
1554576529.95
1554694855.93
1552596677.63
1554780576.24
1554525203.8
1554574815.66
1554484491.0
1548206843.57
1548715990.17
1554142486.13
1549080315.83
1554747075.59
1554481740.9
1554336049.5
1554065965.8
1554351780.86
1554149777.96
1554524588.2
1554266096.58
1554699642.05
1548710880.63
1554836186.96
1554581292.86
1554694268.71
1554351974.24
1548721685.18
1554333494.58
1554868453.58
1548724224.56
1552595241.56
1554140055.01
1554850998.28
1548528462.51
1554573428.73
1553907525.13
1554331995.7
1554422370.2
1554526901.0
1554137508.47
1549085677.88
1554156106.39
1554514567.79
1554522701.62
1554480630.97
1553903748.59
1548702122.88
1554525198.04
1554154127.58
1548702489.84
1548724543.87
1548204054.03
1554571059.04
1548206014.1
1554176350.5
1548711420.86
1554574010.8
1554747248.01
1553980798.82
1548204421.76
1554142792.73
1553980569.33
1554744112.36
1548725648.39
1548702352.39
1553901379.3
1554864980.02
1554480511.99
1554481181.82
1553906081.11
1548722959.4
1554744449.82
1548726232.79
1554525097.63
1553982759.04
1554868409.1
1554136993.48
1548710594.81
1548722235.7
1554576204.33
1548725282.07
1553981865.02
1553981456.68
1554333091.17
1548710985.12
1554764243.45
1554421734.25
1548733662.14
1554136471.3
1549084671.31
1554778896.57
1549084910.19
1554866909.95
1548712448.86
1553981119.86
1553981074.77
1548724964.69
1549085317.83
1554137177.96
1554574723.24
1554335987.94
1554696309.56
1554767791.21
1554484055.29
1554767499.54
1553982193.26
1554166055.87
1554831390.2
1552606434.95
1553901980.02
1552597895.3
1554312339.15
1548468512.21
1548715192.14
1552597152.43
1549081115.68
1554509099.13
1553921885.45
1554762498.85
1554763010.64
1548204786.35
1554526727.3
1554337009.08
1548709703.06
1554526745.59
1552596387.06
1549080907.99
1548724739.01
1548725852.55
1554516255.84
1548710384.32
1554524429.11
1548716382.41
1548733609.42
1554695900.42
1554769946.05
1548725224.41
1554165683.07
1552600157.87
1554570163.89
1552600294.85
1548709164.24
1554163437.56
1548703354.32
1553902424.49
1554770218.01
1554860561.24
1548468201.22
1548702201.13
1554166905.96
1549084252.4
1554855272.21
1554169333.02
1548710322.67
1554162210.93
1548204341.76
1554160908.11
1554515093.98
1554747270.07
1554174664.44
1554135828.53
1554523477.68
1553905445.39
1548206424.0
1548203686.75
1554164900.95
1554145905.59
1553908303.92
1548712154.7
1552601315.95
1554264431.77
1554780995.47
1553904891.97
1554746578.96
1548715866.34
1554435048.64
1554523620.16
1548206857.22
1554768460.1
1554522719.58
1552582716.47
1548711089.4
1554155583.26
1554513287.26
1554526811.62
1548737048.05
1554266160.72
1549084378.82
1552597967.06
1548715960.13
1554743867.71
1552608281.18
1552599392.74
1548709123.03
1549082543.33
1548204096.16
1553983010.48
1554767412.97
1552605914.65
1554693004.69
1554335057.79
1554168122.12
1554658903.79
1553983152.64
1554434196.4
1554154565.63
1554266648.29
1554861230.96
1552608696.42
1553981807.91
1553980987.71
1554867463.14
1554149008.98
1554178567.64
1554421469.62
1554741890.78
1554513851.75
1549081670.49
1553903790.66
1554861098.12
1548733784.19
1548724176.52
1554164585.96
1548723766.82
1554266682.25
1554525944.69
1554262642.44
1548702234.3
1554523872.31
1554574133.81
1554161560.04
1548206976.24
1554485102.79
1554159964.19
1554262603.93
1554066300.11
1554155125.54
1554525987.93
1554762384.78
1553909453.57
1548206328.63
1554422696.55
1548712323.73
1554575229.4
1554768258.72
1549085740.25
1553980294.33
1554334457.09
1554776567.65
1553980845.66
1554677654.2
1554484173.92
1554780502.29
1554525697.79
1548710279.64
1552607300.52
1554831216.38
1554154177.87
1554693355.04
1554265551.38
1549081561.03
1554142357.49
1554767467.7
1554697678.88
1548710074.55
1554763160.3
1554066849.81
1554178274.73
1554741952.4
1554254767.52
1554867649.37
1548711935.37
1554161841.85
1548734011.01
1549080595.1
1548733861.6
1554312552.0
1554761700.13
1554168677.84
1554159853.29
1554526617.22
1553983838.04
1548723564.53
1548726099.65
1553985843.57
1552583055.18
1554693649.21
1554864456.65
1549084419.94
1554167444.42
1548206245.01
1553905180.83
1554142170.51
1554139698.28
1554155176.76
1553982468.12
1554832674.7
1554482727.83
1554833551.48
1554694674.68
1554527288.43
1554865618.25
1548703228.34
1552597299.76
1554265457.08
1552595348.25
1549084201.54
1548709795.16
1548721755.8
1554137022.63
1554352575.22
1554850563.71
1548528262.74
1554154314.67
1553980898.59
1554136006.05
1554761341.3
1554175374.69
1553903696.62
1554434404.79
1549082265.45
1548721411.23
1554145568.74
1552608064.11
1554767695.72
1552606033.56
1554867042.5
1554164924.71
1554165418.29
1554860862.97
1554698230.74
1554744165.13
1552597484.44
1554352437.43
1554833059.15
1554831304.34
1554522477.89
1553983430.08
1554576453.16
1554168815.61
1548205483.02
1554168305.35
1554747577.43
1554334423.21
1554514028.09
1554526822.92
1554167236.88
1554154035.75
1554526203.39
1549084490.9
1554332480.73
1554162628.73
1549080710.66
1554336101.6
1554334363.27
1548733728.38
1553908015.52
1553980666.23
1554166788.08
1554577619.54
1548721665.85
1553981019.22
1548712337.29
1548703264.89
1554167662.23
1548722831.35
1554577490.67
1548527648.11
1554335868.18
1554516150.55
1554699782.25
1554833291.34
1548724441.42
1554332159.07
1548207175.17
1553980457.52
1548468007.83
1548702544.61
1548737106.81
1554868304.76
1554524106.27
1554161488.08
1554762450.88
1554176685.3
1548206812.47
1554155950.0
1554148586.17
1554850844.24
1553908685.34
1554676214.86
1549082162.35
1554860929.88
1554855432.75
1554484144.08
1554526662.16
1554575376.91
1554659372.44
1548204146.78
1554747286.85
1554154375.49
1554351803.06
1553906759.61
1554770445.29
1554744235.99
1554166350.96
1554482944.19
1554165806.17
1553902030.56
1554696944.53
1554694485.54
1548716689.79
1554514842.01
1554515252.46
1548716825.62
1548527708.66
1552597637.6
1554526514.37
1549081846.82
1553907274.79
1548710139.81
1554681061.11
1554573853.03
1548737712.05
1554148776.66
1554522119.93
1554760810.5
1552599967.09
1554263026.93
1554832090.82
1554698599.5
1548714769.62
1554482503.31
1554424167.53
1553980087.78
1554523815.14
1554262472.57
1554836543.22
1552607038.42
1554527032.8
1554575225.93
1554865308.62
1554860611.76
1554577118.64
1554866100.48
1548715917.26
1552595520.57
1554489221.18
1554332323.14
1554267143.01
1554259025.8
1552599879.56
1548709501.16
1553902947.92
1548204262.14
1554576295.89
1554575923.64
1552608633.1
1548712934.06
1554859750.28
1554697573.67
1548711399.98
1554427917.51
1554513203.83
1548737314.33
1554162465.01
1548723239.89
1548710008.94
1548701907.43
1554697173.47
1554866440.67
1553902183.54
1554267022.51
1554265523.93
1554526071.14
1554481701.5
1554424087.71
1548715886.1
1548737862.26
1554866878.25
1554434342.41
1548734070.48
1554334318.3
1554065267.42
1554259156.7
1548737226.42
1553970120.28
1554140588.08
1554149071.55
1548204210.68
1554523601.31
1553903116.34
1548712099.09
1554699582.34
1554514760.89
1554513908.03
1554574908.12
1554694879.75
1554516104.15
1552597428.33
1554573550.33
1554421938.01
1548468617.78
1554513709.8
1554435258.54
1554866294.31
1553980750.89
1554526692.6
1554832571.23
1554864367.14
1554145076.25
1548712884.77
1554424240.98
1553980035.86
1554527520.24
1548712818.91
1548710231.86
1548715291.46
1554482050.6
1554523698.09
1554435596.94
1554768315.11
1554697844.54
1554351900.53
1554149452.24
1554868616.73
1548467739.42
1548725018.13
1554153860.46
1554697346.63
1554141223.99
1548737723.21
1554831847.81
1554065096.97
1548715412.89
1554762700.55
1552596890.88
1552595581.93
1554692066.77
1549081718.26
1554480807.43
1548467900.33
1553983763.79
1548205575.59
1548711587.19
1554176286.04
1554141390.59
1553907794.96
1554259081.23
1554522320.64
1553901099.49
1554659765.03
1554339443.92
1554867767.82
1548733149.29
1554167106.11
1554263573.78
1553984572.12
1548711110.57
1553909036.78
1554264519.45
1554335450.97
1553983736.84
1554167807.26
1553970163.49
1553907101.2
1554178394.39
1548724560.44
1554695159.82
1554488995.91
1548712765.63
1553902738.03
1554697277.61
1554696166.49
1554859084.22
1549081707.01
1548725670.27
1549083674.14
1554065456.13
1554833514.28
1554489180.18
1554574437.57
1548733959.44
1548709484.09
1554769660.59
1554166884.98
1552598981.13
1554572164.22
1554166939.67
1554524249.11
1554483100.53
1554865417.88
1548702433.94
1554259115.55
1548204856.43
1554775899.87
1548527969.6
1548716235.9
1553906168.51
1554065623.77
1553983285.55
1554266026.02
1554514546.3
1554838859.22
1554867636.54
1554513325.77
1554524594.5
1554760989.73
1548716294.4
1553904608.1
1552597056.68
1548204648.95
1554865844.9
1548716795.63
1548725790.64
1554522150.78
1554832725.98
1548206288.4
1554858939.41
1552595970.54
1548203976.62
1554571725.65
1554334534.46
1553905586.6
1553970299.48
1548710695.54
1554521881.15
1554144135.01
1554744580.28
1554525762.92
1554769798.57
1554762838.79
1549082030.12
1554066041.6
1554335245.51
1548726258.11
1554575390.27
1554340641.7
1554577816.41
1554659278.28
1548724598.25
1548712591.36
1554336197.46
1553981186.09
1548722371.02
1554482319.74
1548204439.26
1554786446.33
1554764097.13
1552601437.64
1554575693.53
1554523140.54
1554135934.31
1549082174.09
1554514831.62
1553903428.61
1548206142.37
1554746529.33
1548714930.54
1554067058.84
1548710483.71
1554481795.08
1554837566.03
1554764286.41
1554524535.47
1553904207.86
1548204387.15
1554263229.24
1554760714.71
1554853959.43
1548527670.44
1553905291.59
1554761279.53
1554481984.16
1554761919.68
1548205623.75
1554780830.96
1552608428.77
1554523752.36
1554693858.97
1554574932.5
1548715313.14
1554696813.59
1554692118.96
1548712797.99
1554849482.37
1553903471.21
1554155846.93
1554258969.75
1548726081.79
1552607775.76
1553980529.07
1554165024.13
1548205161.51
1553907832.8
1554698980.27
1554481234.81
1554167535.51
1554513788.58
1554523374.67
1554351693.19
1554339964.25
1554833231.45
1553982325.52
1554692334.7
1548710200.91
1554339695.26
1548204886.27
1548715137.71
1554526636.7
1548204474.65
1554433141.05
1554509455.68
1554573499.82
1548702043.3
1548703049.67
1554513360.74
1554155063.82
1554696037.35
1554435139.0
1554516345.45
1554142565.58
1554263314.73
1549084430.22
1552598003.13
1554573414.25
1548716593.02
1554761571.97
1554581205.18
1552599518.93
1554483333.41
1554570196.06
1554577255.04
1554331807.85
1554695204.5
1554522963.35
1548735632.51
1552596261.29
1554836484.34
1548724828.13
1554865536.95
1548703126.49
1554333165.17
1554693441.81
1554696851.76
1554680959.14
1554421525.67
1554837360.8
1554868118.52
1554837452.98
1548711565.25
1554833415.68
1554144785.31
1548715052.41
1554143195.01
1554335309.13
1554336347.64
1548711546.97
1554137293.23
1552607118.73
1554139813.16
1554527331.21
1552600908.03
1554698412.51
1553909104.2
1554159766.03
1554066454.95
1554698125.84
1549081744.74
1554858864.81
1554165705.35
1553980725.22
1549082365.98
1554780358.05
1554522375.58
1554428148.36
1548712123.12
1554527043.5
1554179654.5
1554168250.23
1553980939.72
1548716039.96
1548205820.9
1554135672.92
1554523306.57
1548701975.79
1549082647.38
1552596042.7
1548712854.41
1554575639.98
1553904581.29
1554509203.17
1554698037.43
1554849590.42
1554695852.02
1554526172.15
1554264272.94
1554145144.01
1549082390.56
1548723012.81
1554526728.53
1554515708.12
1554515576.3
1554694355.42
1554697225.53
1554693787.38
1554483190.57
1548526932.97
1554680727.89
1554423569.47
1554165150.42
1548724371.15
1554769557.94
1548702407.12
1548527389.06
1554160560.01
1548710931.19
1548722188.86
1548710680.25
1554854335.88
1548454194.34
1554768380.43
1554660783.0
1554864962.09
1554155636.63
1554779151.0
1548710739.38
1554137153.02
1548722732.28
1548722551.52
1554136528.77
1554699349.16
1553985478.8
1554485159.18
1554179084.09
1554525608.5
1554525855.61
1548724005.94
1554526309.82
1554139903.46
1548702256.74
1554573563.0
1554698639.56
1548737676.61
1548702694.99
1553908400.39
1554763594.54
1554767624.65
1554515213.77
1554167951.27
1554509659.71
1548204511.95
1554696734.45
1553903856.25
1554524839.49
1548712377.44
1554149887.45
1554168186.88
1548206777.22
1554168540.16
1548733339.45
1554258428.99
1554835148.38
1548702784.9
1554178452.44
1554509269.83
1553982870.97
1554337331.9
1554693168.3
1554141001.63
1548709410.0
1554523658.31
1548528401.5
1554571225.45
1548205458.25
1554695528.64
1554696550.01
1554678187.34
1554860704.87
1553907711.91
1554763048.92
1554422661.1
1553905483.27
1554570145.31
1554699215.41
1548737272.89
1548725170.12
1554335143.08
1552607849.33
1554333614.17
1554525025.39
1554421677.71
1554743735.17
1554743809.08
1554868489.18
1554523722.18
1554160349.3
1548733277.79
1548724042.81
1554266950.11
1554141564.25
1554162043.78
1554920982.24
1554067218.66
1549083553.53
1548205431.21
1554159683.93
1552600770.27
1548721909.92
1554335767.31
1554264582.92
1554334608.82
1554865120.04
1548714578.45
1553906643.9
1552582464.8
1553906902.79
1554263075.96
1553982240.07
1554576412.8
1548203934.3
1554867876.59
1554514135.61
1553980814.62
1554692614.36
1554489126.23
1553983682.79
1554515072.49
1548715328.5
1554767894.81
1548205107.71
1548722975.15
1554692186.11
1554836372.0
1548724680.87
1554779624.94
1554866648.42
1554577173.69
1548710399.13
1548468344.79
1553903969.85
1548721495.08
1554420710.96
1548715112.67
1549080750.23
1554522016.4
1549083229.27
1554573663.06
1554145214.0
1554065364.67
1554524839.8
1554833675.5
1549081903.87
1554660490.27
1554141612.91
1554779903.38
1548723198.53
1554867259.93
1554136858.91
1554433262.7
1552606890.24
1554524440.33
1554863685.97
1553901290.06
1554575102.65
1549082223.57
1548709366.54
1554779506.09
1554762920.65
1554694529.24
1554144397.36
1549084856.75
1554762122.83
1554695947.34
1548466119.47
1554149236.41
1553902099.61
1548722924.71
1554761960.39
1554143465.29
1554332628.16
1554265752.87
1554854168.91
1554779813.44
1554768724.22
1554136757.31
1548737755.72
1554776823.77
1554523280.0
1554071000.93
1552600602.36
1554576676.96
1554160002.24
1554514369.62
1554162863.81
1554422113.6
1554509180.57
1554776665.74
1554175945.5
1548702850.59
1552582645.66
1554571332.32
1553901014.89
1554763384.37
1553980165.94
1548204604.52
1553982050.99
1554837948.12
1548703328.51
1554697009.0
1554527180.41
1549083086.96
1554146035.21
1554145308.2
1549080257.28
1548725062.39
1553981476.33
1553980624.2
1554921004.0
1554525432.39
1554422861.15
1554333404.62
1552605991.04
1548701847.65
1548725395.21
1554744310.65
1554676663.78
1548724095.47
1554680883.97
1554678093.48
1554160285.08
1549083497.91
1552582893.72
1548528056.79
1554168442.85
1554832254.23
1553903391.03
1554480708.09
1554681464.11
1554761600.61
1548711265.3
1554693902.19
1549084506.42
1554265156.43
1552599170.84
1548712288.84
1548703417.8
1554678244.75
1554854631.4
1548724809.04
1548735422.95
1554142289.51
1554140861.27
1553981741.61
1554512293.58
1554780202.42
1548714639.82
1554854266.21
1554165083.99
1548526533.71
1548710657.32
1548722763.97
1548721851.4
1554864516.93
1553904669.85
1554137454.36
1554524013.07
1553980777.38
1554866122.07
1554265381.64
1554312457.91
1554780131.22
1554331877.18
1554169093.51
1554065882.91
1548723865.53
1554836005.35
1554835443.54
1548712464.84
1548724954.96
1554422241.08
1554340042.67
1552601198.98
1554515017.85
1554266363.11
1554142005.19
1554859409.48
1548723186.04
1553980237.28
1554333329.38
1548716084.96
1554141920.33
1554064629.18
1548206399.57
1548711390.91
1554575829.77
1553984844.01
1554832121.91
1554770178.09
1549085223.64
1548205731.74
1553981960.58
1554435708.55
1553982365.4
1549084619.98
1548724356.72
1553982424.23
1554515843.18
1553902233.34
1554576976.69
1554866583.55
1552606190.09
1553982516.36
1554574997.65
1554762560.22
1554527098.18
1554334260.26
1548724587.29
1554149719.81
1554515422.78
1553985368.84
1553908204.86
1554066198.53
1552601538.46
1554525249.03
1554515481.81
1548712509.69
1548712839.79
1554522039.44
1548710115.33
1554333032.47
1554835625.03
1554160091.66
1554865018.21
1554867980.04
1549082454.06
1554148701.17
1554676125.88
1552598654.01
1554522276.17
1554513520.46
1554136949.55
1554867398.44
1549085060.76
1552601252.59
1554696884.3
1548203867.47
1548725441.82
1554480898.92
1554435786.71
1548709599.73
1554522650.28
1554065176.14
1554768946.26
1554175874.15
1548715278.17
1554746837.93
1548722321.69
1548468433.46
1554866023.58
1554769893.39
1552596481.27
1548206754.43
1548712072.51
1553970256.08
1553980862.53
1554516089.27
1554697442.14
1548703523.78
1554333825.8
1549081493.25
1554483989.53
1554860191.91
1554763255.12
1554139961.36
1554161406.17
1553970413.5
1554838035.77
1554332828.68
1553980707.67
1554484883.04
1552582977.56
1554523785.82
1548735462.33
1548711905.03
1554168017.03
1554484774.28
1549080378.18
1554332660.6
1554763924.32
1554576161.83
1554156052.41
1554859665.71
1554515716.62
1554396177.35
1552582429.44
1554509141.73
1554851104.69
1554691947.62
1554868229.79
1553980382.32
1554694712.37
1554577359.35
1554160883.12
1554484359.48
1548702889.16
1548467928.3
1554763432.6
1554867682.83
1548710419.6
1552595825.87
1552608147.91
1554768765.34
1548723655.12
1548724163.8
1554833114.36
1548206663.33
1554577994.19
1548203784.96
1554433690.65
1548205293.19
1554483863.78
1548712558.82
1548722877.37
1554865605.49
1548716434.4
1554526086.79
1554332896.11
1548721596.99
1553903354.02
1548712863.97
1554165122.12
1554145010.23
1548468277.95
1549079329.0
1548735247.93
1553908356.8
1554266277.87
1553984329.49
1548712027.26
1548724900.66
1554180077.84
1554265953.98
1554424380.32
1554861338.56
1554332226.63
1548725727.33
1548205780.68
1554335506.81
1554780793.27
1553902528.15
1554436057.11
1548206121.73
1554864702.94
1548724908.16
1554526333.74
1548527013.43
1554354141.42
1548205661.88
1548527170.54
1554523496.33
1554484537.61
1548715077.57
1554769172.7
1553906988.83
1553906364.93
1553904354.21
1554850953.72
1554694588.47
1554435323.35
1554524370.44
1548710521.44
1548528203.82
1554433321.78
1554697944.32
1552597197.86
1554761426.43
1554676474.38
1554165788.91
1548721614.26
1548702523.03
1554264184.77
1548723349.88
1554574530.71
1548710834.94
1554143827.99
1554577686.56
1554435872.44
1554155408.43
1554771086.96
1552606365.21
1554164972.3
1554512263.16
1548712953.48
1554421832.78
1554175506.66
1554779576.65
1553981583.84
1553906325.11
1548725089.44
1552601627.9
1554855211.34
1554337074.77
1548710296.67
1554167406.5
1554160808.04
1548207062.26
1554070009.18
1552608197.35
1554524187.71
1554332569.64
1554514767.4
1548702913.94
1554514476.33
1554574215.21
1554433448.99
1548737533.03
1554168939.24
1554577434.11
1553921826.9
1554850421.7
1554149340.73
1548702603.31
1554144450.41
1548711955.41
1554423252.24
1554339583.83
1554574687.46
1554577013.08
1554854965.58
1554743932.03
1548722223.96
1554168487.14
1554149122.42
1549085260.85
1554167485.26
1554696376.88
1554340199.01
1553901866.54
1554335605.94
1552596414.72
1554525350.23
1548207088.19
1554254491.52
1554143112.04
1548710568.19
1548709353.71
1553983983.16
1553983520.83
1552598851.79
1554514320.16
1554176379.88
1554332754.75
1554744401.67
1554779966.62
1548203641.94
1554255229.25
1552599238.07
1554744507.58
1548207113.25
1554769316.55
1552598376.42
1553986198.09
1554154650.92
1554335526.06
1548528120.89
1552582944.71
1552607931.13
1554160388.09
1548701929.36
1548723630.6
1554577292.83
1554166599.02
1554144971.94
1554334339.63
1553901561.4
1554573782.17
1553905714.78
1554335921.69
1554515603.12
1554523539.25
1549083792.89
1553905896.13
1554577330.13
1554515994.89
1554867996.63
1548725685.61
1554433807.96
1548723518.05
1549082521.91
1554166550.36
1554854062.83
1554770800.78
1554264231.69
1554483067.42
1554145696.18
1552598741.34
1554515783.27
1554433595.28
1548726126.26
1548716278.86
1554571936.69
1554259098.49
1554145625.26
1554064905.02
1548722720.23
1554573491.91
1549083122.91
1548724926.6
1554681124.8
1554696308.78
1554694083.71
1554855374.6
1554143279.86
1554575595.05
1548467952.52
1554482988.94
1554509402.42
1548527357.23
1548204367.79
1553901791.11
1554693321.97
1554835696.09
1554422453.3
1548712179.66
1548721814.96
1554435002.11
1554433744.05
1554868250.63
1554780840.35
